0	0	0	root	1.0000000000
1	0	1	Anura	0.2896138482
3892	0	1	Caudata	0.0223868176
4227	0	1	Gymnophiona	0.0053262317
4322	0	1	Accipitriformes	0.0069906791
4445	0	1	Anseriformes	0.0071571238
4576	0	1	Apodiformes	0.0047436751
4668	0	1	Apterygiformes	0.0002496671
4674	0	1	Bucerotiformes	0.0008322237
4697	0	1	Caprimulgiformes	0.0005825566
4713	0	1	Cariamiformes	0.0000832224
4717	0	1	Casuariiformes	0.0002496671
4725	0	1	Charadriiformes	0.0163948069
5027	0	1	Ciconiiformes	0.0004161119
5036	0	1	Coliiformes	0.0003328895
5044	0	1	Columbiformes	0.0068242344
5169	0	1	Coraciiformes	0.0021637816
5218	0	1	Cuculiformes	0.0013315579
5244	0	1	Eurypygiformes	0.0001664447
5251	0	1	Falconiformes	0.0009154461
5267	0	1	Galliformes	0.0131491345
5494	0	1	Gaviiformes	0.0004161119
5502	0	1	Gruiformes	0.0078229028
5635	0	1	Leptosomiformes	0.0000832224
5639	0	1	Mesitornithiformes	0.0000832224
5643	0	1	Musophagiformes	0.0002496671
5651	0	1	Nyctibiiformes	0.0002496671
5657	0	1	Opisthocomiformes	0.0000832224
5661	0	1	Otidiformes	0.0004161119
5673	0	1	Passeriformes	0.0873002663
7277	0	1	Pelecaniformes	0.0037450067
7349	0	1	Phaethontiformes	0.0002496671
7355	0	1	Phoenicopteriformes	0.0001664447
7360	0	1	Piciformes	0.0075732357
7491	0	1	Podicipediformes	0.0005825566
7504	0	1	Procellariiformes	0.0020805593
7548	0	1	Psittaciformes	0.0094041278
7715	0	1	Pteroclidiformes	0.0004161119
7724	0	1	Rheiformes	0.0001664447
7729	0	1	Sphenisciformes	0.0014980027
7755	0	1	Steatornithiformes	0.0000832224
7759	0	1	Strigiformes	0.0027463382
7808	0	1	Struthioniformes	0.0000832224
7812	0	1	Suliformes	0.0026631158
7856	0	1	Tinamiformes	0.0007490013
7872	0	1	Trogoniformes	0.0019973369
7904	0	1	Afrosoricida	0.0032456724
7960	0	1	Artiodactyla	0.0173102530
8267	0	1	Carnivora	0.0145639148
8553	0	1	Cetacea	0.0062416778
8681	0	1	Chiroptera	0.0436917443
9405	0	1	Cingulata	0.0016644474
9436	0	1	Dasyuromorphia	0.0058255659
9533	0	1	Dermoptera	0.0001664447
9539	0	1	Didelphimorphia	0.0032456724
9594	0	1	Diprotodontia	0.0068242344
9725	0	1	Erinaceomorpha	0.0015812250
9756	0	1	Hyracoidea	0.0001664447
9762	0	1	Lagomorpha	0.0037450067
9821	0	1	Macroscelidea	0.0010818908
9840	0	1	Microbiotheria	0.0000832224
9844	0	1	Monotremata	0.0002496671
9853	0	1	Notoryctemorphia	0.0001664447
9858	0	1	Paucituberculata	0.0001664447
9864	0	1	Peramelemorphia	0.0014980027
9894	0	1	Perissodactyla	0.0015812250
9925	0	1	Pholidota	0.0006657790
9936	0	1	Pilosa	0.0008322237
9956	0	1	Primates	0.0228029294
10325	0	1	Proboscidea	0.0003328895
10333	0	1	Rodentia	0.0590878828
11359	0	1	Scandentia	0.0016644474
11387	0	1	Sirenia	0.0001664447
11394	0	1	Soricomorpha	0.0162283622
11631	0	1	Tubulidentata	0.0000832224
11635	0	1	Crocodilia	0.0016644474
11667	0	1	Dinosauria	0.0004993342
11683	0	1	Rhynchocephalia	0.0000832224
11687	0	1	Squamata	0.2512483356
15501	0	1	Testudines	0.0207223702
